-3.012960411071777
10.736045387268067
4.947454397201538
27.929177574157716
-6.066434889316559
-36.87194172668457
3.103033676147461
69.1261053466797
-15.051044687271117
0.20636934351921082
67.83297204589844
-1.0185085972547532
-71.44405865478515
-1.037287035226822
9.212966934204102
15.165420402526856
19.56305828857422
-55.05256126403808
44.5313568725586
12.405568061828614
-23.21498437690735
41.528521423339846
0.49557564067840576
16.722126991271974
0.523907859325409
-3.9168605394363403
-3.285200843811035
-1.4889209396839143
-34.593008644104
-4.875723257541656
40.48162205505371
10.963002033233643
-48.03715140151978
68.02282769775391
0.1875578963458538
-10.215149267196654
-9.606749374389649
2.656633771896362
-4.785682693481445
-19.258566680908203
-24.58725778579712
46.09887406921387
-4.167631722211838
-29.941253242492675
3.301870431423187
2.358004472732544
4.678062126159668
56.50240026855469
-61.07859064292908
29.428308311462402
-3.1183451273441314
35.62112194824219
-22.07393698310852
5.652578508377075
44.09761979675293
-19.245575216293336
-1.3896826002597809
-2.934433709979057
89.33388391113282
48.16989957427978
-10.613878374099732
1.2416716331243516
-1.3985266137123107
-0.6718937798738479
-5.573915504455567
-1.7915887579917908
0.3307009599804878
0.10148867505788803
35.323348182678224
-22.994460887908936
45.832703229904176
2.1899704666137696
0.017445187747478486
54.5038225402832
-32.692470539093016
-3.3266622378826143
18.908525955200194
-14.064635522842407
70.44489840698242
6.707217952728271
-58.03406681823731
1.7470836188793182
-2.9504596407413484
51.82102326202393
65.46646685791016
-5.766741180419922
-5.3948760044574735
-31.96913751220703
-22.582735424995423
-1.5505695724487305
-0.23009043395519257
-8.040126213550568
-13.761722801208496
68.11146380615234
1.836458490371704
-41.614942314147946
-1.7960936747193337
-0.241220529705286
-3.2593100290298462
-4.905726840972901
-5.790677475452423
5.894166206359864
33.33627349090576
0.25286127531528474
1.9977660682201386
50.4479782409668
-3.5798654778003693
40.977011520385744
-25.73133694267273
0.7707729663848877
-4.348442450046539
58.26097351074219
-0.08740657368302346
-26.647818284034727
-4.57113157081604
22.285943435668944
-9.365560522556304
-6.076092147827149
2.3719428482055664
-0.9115048339366912
-5.8174111213684085
-0.7856910643577576
-30.47730525970459
-0.14174189448356628
1.2951052292585372
2.0597473213672637
-33.68051300430298
72.27674127197265
-18.615956676483155
-29.063835626602174
58.7821882019043
5.96752733039856
32.84073062133789
-6.5181331615447995
-22.08909218597412
22.029614723205565
-13.652248843193053
17.63832074356079
66.31173773193359
8.659072347640992
70.8011287689209
-10.244849296569825
0.0636715817451477
-72.00143618774415
1.5189138479232789
33.31331242370605
54.506521484375
-1.8830178773403168
55.39706747436524
-7.414419866085052
1.4595325303077697
-2.314746804475784
52.642782104492184
-2.2051783303022385
5.341525852203369
-6.967354987859726
-0.9494938061237336
0.10395590256154537
-41.40181144714356
-2.6425151264667512
0.6936784400939942
1.5775228452682495
37.47782914352417
-25.356223258972168
-10.3492112159729
62.03664288330078
17.874773204803468
38.02244746398926
65.36699786376953
-53.09281264877319
-3.6917839288711547
1.698877067565918
60.289041320800784
-0.5050829410552978
72.47374771118164
1.615158263683319
-3.7308797991275786
-42.37023218154907
16.65845902633667
24.101068298339843
0.38180309677124025
-7.467317977428436
0.4781517241001129
-0.34574552756547927
76.83486990356445
-8.223572438240051
0.33770700201392173
0.8884367128014564
18.358584936141966
0.6729408578276634
0.8328051080703736
0.2568687617778778
29.614824127197267
1.222578887939453
0.37180165243148805
0.6952161794900894
53.853137634277346
-16.72249722290039
3.5397428073883055
3.175288053035736
-8.530185836315155
-1.03338629424572
61.99058096313477
-14.026485954284668
5.123920959472656
5.752363204956055
-1.9808957796096802
-6.530517829418183
6.370110496520996
-3.5441666193008423
-0.1516971606016159
1.5196548795700073
1.5157498931884765
-29.73139744567871
2.1862364311218263
8.511537200927734
-10.52830026960373
-0.9368883829116821
-4.231955020904541
-24.474642597198486
-14.60123747253418
25.957569721221923
-38.594085105896
-43.455936721801756
-0.47350625252723694
13.587047458648682
14.296664497375488
3.7618273229599
-36.09939532852173
-11.789836078643798
-7.3173488464355465
-1.6915339679718018
-21.78223415660858
-0.340665212392807
-10.409428485870361
-11.1636946849823
39.0588443145752
8.727879341125488
2.592880295753479
21.10936865615845
46.01092392730713
-0.0902454652786255
60.8181921081543
1.740718930363655
-23.337623212814332
5.206910179138184
29.791846282958986
-28.994562404632568
13.30723991394043
1.8948687489032745
57.18972540283203
3.397847286224365
17.0890883102417
2.5239927949905394
23.53837976837158
-0.22231917119026184
42.98401978302002
-5.818364283561706
-12.062431344509125
-0.07472225868701934
-1.0928760759830476
8.750790790557861
9.573542205810547
35.02558293151856
-1.489860511302948
43.63200733184814
-12.84148936843872
-48.97639471817017
2.245473228931427
3.5901290926933287
-11.352098782539368
6.828084156990052
6.2908341455459595
-5.438705786466598
1.252714942932129
75.50454614257812
-1.9647899575233458
-30.637159929275512
-0.5507740664482117
45.345898582458496
-2.0759850406646727
-35.36259997749329
2.148995931148529
-1.2687620396614074
28.689159034729006
-6.288539709568024
53.981206268310544
-0.8296333105564118
1.898620616197586
4.861081508636475
-11.912976557254792
-7.848239944458008
-3.1245127577781675
0.8090962709188462
34.83536949920654
-0.31799176931381223
17.787929679870604
0.2145821256637573
4.243038908004761
-35.629915534973144
65.23176443481445
41.92299966430664
24.41777498626709
49.81199592590332
45.026859375
-6.01121065044403
64.72799685668946
80.60480368041992
38.446883277893065
-5.520595712661743
-4.1335046072006225
-5.579439819335938
30.521925415039064
-4.096343982696533
-15.182759712219239
-58.80442178344727
11.473668184280395
2.2748411774635313
0.7744632537364959
-35.939338367462156
0.7873243079781532
32.3642124710083
-24.961473526000976
51.4541431427002
1.6905855301618575
0.5928002773523331
-48.57764341545105
38.317090278625486
2.39790434217453
62.15190362548828
-10.425976276397705
-18.480768262863158
-1.4358932826519013
28.240657997131347
0.49838210558891294
3.5052881679534913
-1.7269533190727233
-4.96185099029541
-35.42347177124024
-0.7635506365299225
4.137850714683533
-3.346536201715469
-10.124711280822753
12.932337211608887
-4.912179664611816
-1.983546169281006
-5.600876792192459
8.530459030151366
-1.5847773022651672
-44.61502576637268
4.059773637771606
-32.36425898361206
-1.9152377407550811
38.444845558166506
-42.63125218009949
-7.015421321868897
-13.86181360244751
40.47263180541992
1.2018989748954774
17.384409713745118
16.16492293548584
5.667901840209961
-0.6798668599128723
72.336228515625
-4.612492017745971
-11.533061225891114
4.745090705871582
39.91085871887207
0.7647236062288284
4.904180154323578
-130.64685668945313
-7.407536051750183
-6.0080690741539
8.758484607696532
-6.935400440216064
-4.781912338495254
-18.044473121643065
7.3082513389587405
-3.2129086265563966
73.98928598022461
-1.087132742524147
-2.0175235855579374
7.889677865982056
-0.7475807700157165
50.03859950256348
23.945262031555174
-0.9159354557991027
49.32423541259766
10.228629680633546
22.871373306274414
36.10132341766357
38.223189140319825
-20.399084032058717
-4.067371438980103
-2.5602415163516996
4.889505779266357
-44.19516198348999
2.1097241916656495
8.615096933364867
6.093178153991699
37.8808860168457
43.345819549560545
17.27834297180176
3.499921619415283
-20.113638229370117
5.0701447095870975
-0.14302405166625975
-0.06590371942520142
28.091689270019533
-2.2309221992492674
4.718012687683106
-0.41627614784240724
-10.337215791225434
-1.5594023811817168
0.35747519254684446
20.131147987365722
58.475750205993656
40.87450082397461
-1.1787249965667725
-1.0475154342651367
-2.9321051511764527
33.820891761779784
26.10263512992859
-17.2849055839777
-20.63333025741577
11.334290050506592
-0.7893626333475113
3.3759870772361755
61.41641416168213
5.391850238800049
17.39637061691284
-0.7936939567327499
29.219354175567627
57.76078108215332
54.19453198242188
-0.16138363575935363
73.05777938842773
29.21949459075928
76.931724609375
34.70227018737793
-27.844690291404724
-7.205955104827881
-2.7323093502521516
55.728591812133786
25.922443801879883
27.097485694885254
0.823459315776825
-4.676877977848053
1.3419207634925843
-9.823096862077714
0.21288771820068358
0.7321733865737915
-40.818321710586545
-6.527817407608032
-0.2070806565284729
0.77892098903656
3.499571430683136
-0.020154692590236663
30.324405250549315
-2.7679658765792845
4.175231705665588
63.512448486328125
-38.17205982112885
-8.594520306587219
1.3551192512512207
47.48606927490234
2.6184661922454833
-0.6699313930273056
68.78690689086915
-0.5564555543661117
30.794884201049804
14.364519821166992
-7.622751968383789
1.7621553883552552
24.039510097503662
56.65433526611328
34.23332847595215
0.572803974032402
-30.973668796539307
89.25090075683593
-2.3153673136234283
24.653873447418214
46.630374603271484
4.282561100006103
1.0587202852964401
1.3073273763656617
12.622369638442994
-7.987608858108521
18.611837684631347
-0.47465807723999026
2.813426206588745
62.44190606689453
2.3075998644828797
1.3381508374214173
-22.00487497138977
14.339660194396973
-1.603719678401947
0.06053233337402344
2.5907305159568788
1.259782329082489
-5.738800246715545
-0.5107231957316398
-40.68795061302185
77.16919458007813
0.42450223755836486
-24.289184520721435
-0.7946612565517426
0.10527889680862426
2.5163684186935424
-0.47252143478393555
0.8902292860746384
53.151678955078125
-6.107827850341797
14.866489246368408
-49.7967438545227
-1.047177536547184
-1.5306358413696288
2.9192716813087465
1.732532211303711
55.20512168884277
21.909361015319824
0.31738610339164736
1.7125578532218932
-25.586708602905272
1.2484580600559712
-11.776800659179688
2.785014657020569
16.062441146850585
-25.146849891662598
30.03846041870117
36.79895257568359
50.78548115539551
5.993316019058228
-2.6792511863708497
0.23226194524765015
49.32980499267578
-59.12192886352539
-13.798823863983154
9.20711962890625
-1.1785448725223542
-7.718338681221009
-20.359784173965455
33.61846069717407
31.30359814453125
-131.7764916381836
-36.44433548164368
-6.540150022983551
-12.791192874908447
-15.660958061218262
-14.150361000061036
1.1700312268137931
15.243107692718507
-13.03275802898407
0.13167355236411094
-8.190516792297363
0.020367775440216066
-48.81311037445068
16.61971061325073
-2.4429581129550932
-4.062912749767303
42.26275765991211
32.28965285491943
39.68749732971192
57.287423095703126
18.12548028564453
-8.008163903236388
-2.1148378858566286
5.22793607711792
33.93303818511963
44.516817321777346
-0.8980301380753517
-4.340937072753906
-7.196715087890625
2.2732033383846284
-15.544746486663819
54.8552776184082
-7.081837085723877
1.5959546132087707
90.37055743408203
61.6305498046875
40.206232040405276
1.6052048482894898
3.666436360359192
27.125213176727296
68.40550469970704
-6.908744430541992
5.4630690231323245
30.620787773132324
1.1742505865097046
54.15593468475342
1.4172297979593278
-1.7695728917121887
-47.53115470695496
5.107540578842163
0.21334993395209312
2.8538691711425783
66.65238473510742
30.25061388015747
0.9129528653621674
61.264792510986325
-13.057977203369141
1.7491937856674193
-1.6908157631158829
-13.703073817253113
34.424012741088866
-15.265646427154541
-11.662750605583192
8.562337329864501
-2.798724654197693
8.383608722686768
34.75788746643067
0.221611753821373
-2.6878825845718386
-100.10920989990234
58.12410864257812
-6.830706961631775
55.48798101806641
-18.126417949676515
14.78422315979004
2.294876260280609
-47.91792207336426
-17.225850649356843
80.95896047973633
42.86106056976318
-1.5239897487163543
-1.0036116421222687
6.523409118652344
1.9361323156356811
26.61593250274658
33.32907080841064
-56.213299758911134
-4.639318877696991
61.229476379394534
2.5663217742443085
43.91593803405762
3.804029622554779
-27.13667419242859
22.151464096069336
-3.163804485321045
1.4161992288827896
-0.18993125441670416
-9.124607830047607
-0.9113164670467376
-72.6482607574463
-24.152019867897035
19.648331535339356
95.4289651184082
-9.577179497718811
-1.1095518615841866
24.067562309265135
15.817521347045899
81.802345703125
69.79581408691406
0.6209188823699952
61.62756832885742
-4.258938007354736
5.676823921203614
26.366078788757324
-1.2325020544528962
6.163750190734863
45.1195106048584
-4.069719045400619
-5.715922290802002
9.116756217956542
23.822068252563476
62.35151281738281
-2.7324711670875548
-9.037976192474366
24.18789310836792
0.4591459338665009
-26.921542213439942
-0.19945712661743165
30.241710037231446
-3.42664173412323
-15.675900583267213
28.820702499389647
43.335400802612305
68.77249877929688
-5.229871130943298
48.15348899078369
79.09310131835937
47.21488104248047
58.83905462646484
-0.4760395241379738
-7.35007874417305
-54.6739995880127
21.95216423034668
27.214344673156738
0.644683498620987
-30.610425760269166
19.39114170074463
-2.2821394169330596
44.35342497253418
-91.64076065063476
64.64772625732422
-1.8359579448699952
4.472776395797729
49.1906722946167
50.556372283935545
0.07407416486740112
3.280644268989563
-22.880843264579774
1.5244510750770568
0.6613223814368248
1.2396422913074494
-0.929650988459587
5.523251997947693
-1.330269541501999
-21.768016313552856
1.6702512628436088
53.689394676208494
44.642739620208744
1.1057524299621582
-14.328333618164063
-0.8488653802871704
-19.814758087158204
-5.845622746944428
-1.9501922447681428
-65.40108087158202
42.971193908691404
-1.8463378708362579
-6.24781814956665
12.508466102600098
0.7391925054192543
3.876045142173767
29.044880348205567
66.75474475097656
0.32716231444478033
-34.013333784103395
-107.72450512695312
-1.9489586632251739
0.8714957253932953
16.382699615478515
-31.09669903373718
65.92213827514648
-67.12476425170898
1.414658086180687
-37.2829613494873
47.2150450592041
-1.165619390964508
-0.48474486339092254
-36.49502592086792
-0.5823321444988251
-1.6521425058841706
-36.61625845336914
2.450191615819931
19.547367767333984
-7.342370188236236
-14.197399002075196
48.33843882751465
-18.423533939361572
0.050591691195964815
-26.853343695640564
25.520004707336426
69.22678875732421
-25.62930115890503
3.5222564635276794
25.548912506103516
0.6411708798408509
1.27921018242836
-6.062285469055176
-17.203171350479128
29.14760637664795
-6.298977319478989
69.13209002685547
-56.59571976470947
-1.5365836384296416
-2.1253556784391403
1.482710830450058
36.70558917236328
-15.24143506526947
-0.7122948247194291
-1.7802769508361815
-0.6511148492097855
-2.253336260318756
0.5794129518270492
1.0497762105464936
-7.462567916870118
24.99940565490723
44.585449005126954
65.8301577758789
-4.1909200401306155
-15.048908660888673
13.119360752105713
-0.4533648343086243
46.87897201538086
4.6724422092437745
-5.052232079982757
1.2311215875148773
0.25450611126422884
21.350568771362305
1.0440719281435014
-9.062868282318115
-0.04080291050672531
-16.41521533203125
-2.2828306541442873
68.92039277648925
-2.144038131713867
0.15541915893554686
2.6116499195098877
-13.168916850090026
-2.60773064661026
35.28072457885742
0.012942274332046508
-0.06565645217895508
41.4342029876709
-40.64761577606201
-0.5071541357040406
-39.60971277618408
4.2645423059463505
35.20794966125488
33.31501238250733
-13.100669445037841
-26.924155389785767
-32.04394038105011
-8.071638977050782
23.626537178039552
-48.000219476699826
-66.18817706298829
-49.75311089134216
-10.449292552947998
3.82050346326828
12.01580616760254
7.146467858314514
16.467609413146974
-9.066565654754639
8.691016876220703
51.83779113769531
0.29940300858020785
-0.45047136056423187
2.1232981643676756
2.7847926750183105
-0.47487075424194336
25.910788913726808
2.997654929637909
-6.61707539176941
62.79179248046875
24.670268558502197
1.942669345855713
2.073560465812683
-0.651575004696846
-4.419045127868652
-7.086080108642578
-2.940283899784088
50.972242980957034
-0.6855787880420685
29.289018295288084
-1.813672110080719
-4.317106694221496
20.06124252319336
19.658044258117677
-12.948514099121093
50.93437147521973
1.2528103747367858
20.868253112792967
13.719080680847169
-5.340439967632293
0.02236707901954651
11.69291614151001
75.78750817871094
1.3136982336044312
-38.8225578289032
-3.2802953324317934
-7.794228731155395
-2.060721458673477
-15.50993647956848
63.79378582763672
17.974274600982667
87.66433575439453
-10.2424460439682
44.812682518005374
-0.7810615849494934
66.90304681396485
-0.2652613508105278
51.01358874511719
-22.3246142539978
-0.9950437355041504
4.538424540042877
38.61466863059997
-3.2090148804187772
14.33889868927002
-19.12593235397339
4.153831886291504
-9.732737125396728
-33.0679059343338
25.028467384338377
0.22854997944831848
-65.3230429763794
3.6140606372356414
78.73687298583984
-4.965763618588448
15.349772483825683
0.15432868421077728
-9.441865250110625
-0.2288340504169464
-15.211710540771485
-3.342039475440979
-2.1508230217695234
-19.508853635787965
-0.4912482380270958
9.841149311065674
82.218896484375
-13.628933332920074
-8.8411071434021
-32.162368927955626
1.5344534330368043
-5.415411883354187
53.5553462524414
-1.0003918223381043
20.916673599243165
1.1653256993293761
67.23224359130859
0.28580780667066574
21.549561210632323
18.434003341674806
0.16470608067512513
-0.7832677053809166
-10.382792320251465
70.82257501220703
-25.014809695243834
2.74924444437027
-26.58018141746521
68.92093627929688
-4.695341887950897
34.546613632202146
5.06893660736084
4.213623794555664
61.672759635925296
-10.556091697692871
-41.70152715682983
6.1523428153991695
50.17111654663086
1.634361801624298
7.867766434669495
3.6475232944488525
-2.008742569446564
3.999785270690918
0.1726970738172531
3.9946680574417113
1.5470450897216796
-1.5981624813079833
-6.420263121843338
46.97715689086914
-0.8755981712341309
3.084121777534485
-3.2066043317317963
-20.84991215133667
39.20927642822266
0.976894127368927
2.326816821575165
4.755438241958618
4.955360343933106
24.179437580108644
24.11297537231445
-62.03099290466309
-2.9890861237049102
-0.8450393445491791
-0.48418861228227617
2.522777512550354
-33.87852057647705
-42.42229664611816
65.79303020477295
68.1696552734375
0.2442295014858246
3.4275419549942017
-21.599256622314453
25.173147911071776
-0.08071858568489551
-0.3473145087957382
-4.201336692810059
-34.34744107437134
10.141254852294923
2.8024575357437134
-26.710804012298585
-9.32003991508484
66.11876751708985
-35.75523022460938
10.684428840637207
56.57311141967774
-34.26657956123352
-11.508255499362946
-3.3115913701057433
6.772745040893555
33.791660217285155
-11.662794582366944
-0.6415190458297729
8.764822235107422
0.4322271032333374
4.948625247955322
-1.2279340324401855
-3.26857963180542
-11.796787466049194
-25.899046484947206
23.030142974853515
47.47078610229492
2.831510516166687
5.813806907653809
-2.9184716703891755
-64.19116162109376
-12.958643184900284
